trip_id,stop_id,actual_arrival_time_epoch,pred_actual_diff_arrival
790,6248,1709732880,00:29:37
790,5044,1709733000,00:28:11
790,5049,1709734200,00:23:04
790,23509,1709734260,00:24:28
790,5050,1709734380,00:23:12
790,5042,1709734440,00:23:29
790,5043,1709734560,00:23:06
790,6248,1709734680,00:22:02
790,5044,1709734800,00:20:37
2235,58343,1709732400,00:38:12
2235,63189,1709732460,00:38:19
2235,5039,1709732520,00:38:19
2235,5040,1709732580,00:38:47
2235,5041,1709732760,00:36:21
2235,5042,1709732940,00:35:16
2235,5049,1709733600,00:27:58
2235,23509,1709733660,00:30:05
2235,5050,1709733720,00:30:07
2235,58344,1709733960,00:26:47
2235,5054,1709734020,00:27:16
2235,23930,1709734080,00:27:48
2235,63190,1709734140,00:27:37
2235,58343,1709734800,00:26:02
2235,63189,1709734860,00:29:44
2235,5039,1709734920,00:24:42
2235,5040,1709734980,00:27:05
2235,5041,1709735160,00:24:39
2235,5042,1709735340,00:23:34
2235,5049,1709736000,00:12:14
2235,23509,1709736060,00:14:21
2235,5050,1709736120,00:16:19
2235,58344,1709736360,00:12:59
2235,5054,1709736420,00:10:07
2235,23930,1709736480,00:10:39
2235,63190,1709736540,00:10:28
2235,23509,1709732460,00:38:21
2235,5050,1709732520,00:38:27
2235,58344,1709732760,00:35:06
2235,5054,1709732820,00:35:47
2235,23930,1709732880,00:36:23
2235,63190,1709732940,00:36:22
2235,58343,1709733600,00:38:28
2235,63189,1709733660,00:38:33
2235,5039,1709733720,00:38:40
2235,5040,1709733780,00:39:18
2235,5041,1709733960,00:36:56
2235,5042,1709734140,00:35:44
2235,5049,1709734800,00:29:03
2235,23509,1709734860,00:25:22
2235,5050,1709734920,00:25:28
2235,58344,1709735160,00:22:07
2235,5054,1709735220,00:22:48
2235,23930,1709735280,00:24:39
2235,63190,1709735340,00:20:36
778,5036,1709733120,00:27:39
778,58343,1709733600,00:55:16
778,63189,1709733660,00:55:01
778,5039,1709733720,00:55:06
778,5040,1709733960,00:49:27
778,5041,1709734140,00:47:06
778,5042,1709734380,00:45:29
778,5043,1709734560,00:44:04
778,6248,1709734680,00:43:07
778,5044,1709734800,00:39:21
778,5045,1709735100,00:34:47
778,6854,1709735220,00:34:03
778,5036,1709735520,00:24:09
790,5049,1709735400,00:22:58
790,23509,1709735460,00:25:03
790,5050,1709735580,00:19:20
790,5042,1709735640,00:19:30
790,5043,1709735760,00:19:07
790,6248,1709735880,00:18:03
790,5044,1709736000,00:16:38
778,58343,1709736000,00:19:47
778,63189,1709736120,00:16:40
778,5039,1709736180,00:16:45
778,5040,1709736360,00:15:16
778,5041,1709736540,00:12:53
778,5042,1709736780,00:13:34
778,5043,1709736960,00:12:07
778,6248,1709737080,00:08:00
778,5044,1709737200,00:06:42
778,5045,1709737500,00:05:04
778,6854,1709737620,00:01:17
778,5036,1709737920,00:08:46
2235,63189,1709736060,00:28:45
2235,5039,1709736120,00:30:14
2235,5040,1709736180,00:30:41
2235,5041,1709736360,00:28:14
2235,5042,1709736540,00:23:02
2235,5049,1709737200,00:11:53
2235,23509,1709737260,00:15:38
2235,5050,1709737320,00:15:30
2235,58344,1709737560,00:09:02
2235,5054,1709737620,00:09:22
2235,23930,1709737680,00:09:48
2235,63190,1709737740,00:09:41
2235,58343,1709736000,00:30:23
790,5049,1709736600,00:34:59
790,23509,1709736660,00:32:46
790,5050,1709736780,00:30:50
790,5042,1709736840,00:30:58
790,5043,1709736960,00:30:30
790,6248,1709737080,00:29:32
790,5044,1709737200,00:28:06
2235,58343,1709737200,00:19:54
2235,63189,1709737260,00:22:33
2235,5039,1709737320,00:24:55
2235,5040,1709737380,00:22:03
2235,5041,1709737560,00:19:45
2235,5042,1709737740,00:18:39
2235,5049,1709738400,00:08:07
2235,23509,1709738460,00:09:58
2235,5050,1709738520,00:09:47
2235,58344,1709738760,00:03:12
2235,5054,1709738820,00:03:36
2235,23930,1709738880,00:04:02
2235,63190,1709738940,00:03:56
790,5049,1709736900,00:20:42
790,23509,1709737020,00:14:35
790,5050,1709737080,00:14:09
790,5042,1709737260,00:12:13
790,5043,1709737380,00:02:58
790,6248,1709737440,00:03:29
790,5044,1709737500,00:00:48
778,58343,1709738400,00:21:18
778,63189,1709738460,00:18:44
778,5039,1709738520,00:18:49
778,5040,1709738760,00:16:16
778,5041,1709738940,00:09:17
778,5042,1709739180,00:07:17
778,5043,1709739360,00:05:46
778,6248,1709739600,00:01:42
778,5044,1709739720,00:03:02
778,5045,1709739900,00:02:08
778,6854,1709740020,00:02:17
778,5036,1709740320,00:04:58
790,5049,1709738100,00:18:46
790,23509,1709738160,00:19:50
790,5050,1709738280,00:18:26
790,5042,1709738340,00:18:36
790,5043,1709738460,00:17:54
790,6248,1709738580,00:16:42
790,5044,1709738700,00:15:16
790,5049,1709737800,00:22:19
790,23509,1709737860,00:23:43
790,5050,1709737980,00:22:24
790,5042,1709738040,00:22:32
790,5043,1709738160,00:22:03
790,6248,1709738280,00:04:05
790,5044,1709738400,00:02:36
2235,58343,1709738400,00:21:44
2235,63189,1709738460,00:25:34
2235,5039,1709738520,00:25:37
2235,5040,1709738580,00:25:57
2235,5041,1709738760,00:17:20
2235,5042,1709738940,00:16:10
2235,5049,1709739600,00:02:55
2235,23509,1709739660,00:04:30
2235,5050,1709739720,00:04:14
2235,58344,1709739960,00:00:48
2235,5054,1709740020,00:01:16
2235,23930,1709740080,00:01:38
2235,63190,1709740140,00:01:28
790,5049,1709739000,00:21:59
790,23509,1709739060,00:14:53
790,5050,1709739180,00:13:34
790,5042,1709739240,00:13:41
790,5043,1709739360,00:13:12
790,6248,1709739480,00:12:14
790,5044,1709739600,00:10:52
2235,58343,1709739600,00:15:54
2235,63189,1709739660,00:23:50
2235,5039,1709739720,00:23:54
2235,5040,1709739780,00:24:21
2235,5041,1709739960,00:22:03
2235,5042,1709740140,00:11:08
2235,5049,1709740500,00:13:16
2235,23509,1709740560,00:14:59
2235,5050,1709740620,00:14:48
2235,58344,1709740800,00:12:34
2235,5054,1709740860,00:12:52
2235,23930,1709740920,00:13:21
2235,63190,1709740980,00:13:14
790,5049,1709739600,00:17:15
790,23509,1709739660,00:18:19
790,5050,1709739780,00:16:56
790,5042,1709739840,00:17:06
790,5043,1709739900,00:01:47
790,6248,1709740020,00:00:34
790,5044,1709740200,00:01:50
790,5049,1709740200,00:21:56
790,23509,1709740260,00:23:16
790,5050,1709740380,00:21:54
790,5042,1709740440,00:22:01
790,5043,1709740560,00:21:38
790,6248,1709740680,00:20:36
790,5044,1709740800,00:18:58
790,5049,1709741400,00:22:22
790,23509,1709741460,00:24:25
790,5050,1709741580,00:18:46
790,5042,1709741640,00:18:50
790,5043,1709741760,00:18:28
790,6248,1709741880,00:17:26
790,5044,1709742000,00:16:03
2235,58343,1709742000,00:05:07
2235,63189,1709742060,00:02:08
2235,5039,1709742120,00:02:08
2235,5040,1709742180,00:01:03
2235,5041,1709742360,00:03:23
2235,5042,1709742540,00:02:50
2235,5049,1709743200,00:10:01
2235,23509,1709743260,00:04:44
2235,5050,1709743320,00:03:01
2235,58344,1709743560,00:06:07
2235,5054,1709743620,00:05:42
2235,23930,1709743680,00:04:50
2235,63190,1709743740,00:04:49
2235,63189,1709741160,00:01:30
2235,5039,1709741220,00:01:52
2235,5040,1709741280,00:03:29
2235,5041,1709741460,00:02:37
2235,5042,1709741640,00:03:06
2235,5049,1709742000,00:01:44
2235,23509,1709742060,00:04:36
2235,5050,1709742120,00:04:31
2235,58344,1709742360,00:01:46
2235,5054,1709742420,00:02:14
2235,23930,1709742480,00:03:01
2235,63190,1709742540,00:02:55
778,58343,1709740800,02:08:58
778,63189,1709740860,01:14:24
778,5039,1709740920,01:14:36
778,5040,1709741160,01:12:44
778,5041,1709741340,01:11:44
778,5042,1709741580,01:31:42
778,5043,1709741760,01:31:10
778,6248,1709741880,01:30:19
778,5044,1709742000,01:29:06
790,5049,1709740800,00:21:54
790,23509,1709740860,00:23:01
790,5050,1709740980,00:21:35
790,5042,1709741100,00:20:57
790,5043,1709741220,00:20:17
790,6248,1709741340,00:19:03
790,5044,1709741400,00:18:36
790,5049,1709742000,00:18:47
790,23509,1709742060,00:19:55
790,5050,1709742180,00:13:28
790,5042,1709742240,00:13:22
790,5043,1709742360,00:12:42
790,6248,1709742480,00:11:28
790,5044,1709742600,00:10:02
790,5049,1709742600,00:21:27
790,23509,1709742660,00:22:48
790,5050,1709742780,00:15:44
790,5042,1709742840,00:15:47
790,5043,1709742960,00:17:04
790,6248,1709743080,00:16:02
790,5044,1709743200,00:14:41
2235,63189,1709743260,00:18:19
2235,5039,1709743320,00:18:18
2235,5040,1709743380,00:13:40
2235,5041,1709743560,00:11:32
2235,5042,1709743740,00:10:26
2235,5049,1709744400,00:02:17
2235,23509,1709744460,00:00:32
2235,5050,1709744520,00:00:36
2235,58344,1709744760,00:08:22
2235,5054,1709744820,00:07:31
2235,23930,1709744880,00:07:04
2235,63190,1709744940,00:07:11
2235,58343,1709743200,00:14:43
790,5049,1709743200,00:20:00
790,23509,1709743260,00:16:02
790,5050,1709743380,00:14:36
790,5042,1709743500,00:13:33
790,5043,1709743620,00:12:53
790,6248,1709743740,00:11:39
790,5044,1709743800,00:11:13
790,5049,1709743800,00:21:27
790,23509,1709743860,00:22:52
790,5050,1709743980,00:13:00
790,5042,1709744040,00:13:00
790,5043,1709744100,00:13:41
790,6248,1709744220,00:12:45
790,5044,1709744400,00:10:23
2235,58343,1709744400,00:05:30
2235,63189,1709744460,00:04:25
2235,5039,1709744520,00:04:21
2235,5040,1709744580,00:04:39
2235,5041,1709744760,00:02:27
2235,5042,1709744940,00:01:21
2235,5049,1709745600,00:11:48
2235,23509,1709745660,00:03:51
2235,5050,1709745720,00:03:54
790,5049,1709744400,00:18:26
790,23509,1709744460,00:19:31
790,5050,1709744580,00:02:55
790,5042,1709744640,00:02:43
790,5043,1709744760,00:02:09
790,6248,1709744880,00:01:00
790,5044,1709745000,00:00:28
2235,5042,1709747340,00:19:22
2235,5049,1709748000,00:14:52
2235,23509,1709748060,00:00:06
2235,5050,1709748120,00:00:07
2235,58344,1709748360,00:02:58
2235,5054,1709748420,00:00:54
2235,23930,1709748430,00:00:43
2235,63190,1709748480,00:00:59
2235,63189,1709745660,00:31:10
2235,5039,1709745720,00:31:06
2235,5040,1709745780,00:31:23
2235,5041,1709745960,00:29:04
2235,5042,1709746140,00:27:59
2235,5049,1709746800,00:20:15
2235,23509,1709746860,00:21:28
2235,5050,1709746920,00:21:16
2235,58344,1709747160,00:17:56
2235,5054,1709747220,00:18:12
2235,23930,1709747280,00:18:30
2235,63190,1709747340,00:18:18
2235,58343,1709745600,00:31:08
2235,58343,1709748000,00:16:16
2235,63189,1709748060,00:18:27
2235,5039,1709748120,00:18:23
2235,5040,1709748180,00:21:31
2235,5041,1709748360,00:19:18
2235,5042,1709748540,00:18:02
2235,5049,1709749200,00:07:26
2235,23509,1709749260,00:08:50
2235,5050,1709749320,00:08:29
2235,58344,1709749560,00:05:08
2235,5054,1709749620,00:05:25
2235,23930,1709749680,00:05:47
2235,63190,1709749740,00:05:34
778,58343,1709746200,00:38:07
778,63189,1709746260,00:38:02
778,5039,1709746320,00:38:09
778,5040,1709746560,00:35:36
778,5041,1709746740,00:33:22
778,5042,1709746980,00:31:10
778,5043,1709747160,00:29:46
778,6248,1709747280,00:28:45
778,5044,1709748000,00:08:25
778,5045,1709748300,00:02:40
778,6854,1709748420,00:03:26
778,5036,1709748720,00:06:10
790,5049,1709746800,00:20:37
790,23509,1709746860,00:21:42
790,5050,1709746980,00:20:21
790,5042,1709747100,00:19:20
790,5043,1709747220,00:18:46
790,6248,1709747340,00:17:37
790,5044,1709747400,00:17:08
790,5049,1709748000,00:23:22
790,23509,1709748060,00:21:02
790,5050,1709748180,00:19:36
790,5042,1709748240,00:19:42
790,5043,1709748360,00:19:12
790,6248,1709748480,00:18:09
790,5044,1709748600,00:16:46
2235,58343,1709746800,00:33:04
2235,63189,1709746860,00:33:16
2235,5039,1709746920,00:34:14
2235,5040,1709746980,00:34:38
2235,5041,1709747160,00:32:24
790,5049,1709748600,00:08:30
790,23509,1709748660,00:03:19
790,5050,1709748780,00:04:40
2235,58343,1709749200,00:16:02
2235,63189,1709749260,00:16:14
2235,5039,1709749320,00:20:14
2235,5040,1709749380,00:21:05
2235,5041,1709749560,00:15:53
2235,5042,1709749740,00:12:02
790,5049,1709749200,00:23:55
790,23509,1709749260,00:26:05
790,5050,1709749380,00:20:16
790,5042,1709749440,00:20:23
790,5043,1709749560,00:19:52
790,6248,1709749680,00:18:49
790,5044,1709749800,00:17:25
2235,5049,1709750400,00:03:34
2235,23509,1709750460,00:01:26
778,58343,1709749200,00:28:58
778,63189,1709749260,00:24:15
778,5039,1709749320,00:24:19
778,5040,1709749560,00:21:46
778,5041,1709749740,00:21:17
778,5042,1709749980,00:19:02
778,5043,1709750160,00:13:49
778,6248,1709750280,00:12:52
778,5044,1709750400,00:11:33
778,5045,1709750700,00:10:06
778,6854,1709750820,00:08:05
778,5036,1709751120,00:05:18
2235,5050,1709750520,00:00:34
2235,58344,1709750760,00:02:38
2235,5054,1709750820,00:00:53
2235,23930,1709750830,00:00:56
2235,63190,1709750880,00:01:02
2235,58343,1709750400,00:10:32
2235,63189,1709750460,00:18:47
2235,5039,1709750520,00:18:42
2235,5040,1709750580,00:19:05
2235,5041,1709750760,00:13:15
2235,5042,1709750940,00:11:57
2235,5049,1709751300,00:09:25
2235,23509,1709751360,00:09:47
2235,5050,1709751420,00:09:31
2235,58344,1709751960,00:01:07
2235,5054,1709752020,00:01:22
2235,23930,1709752080,00:01:46
2235,63190,1709752140,00:01:33
790,5049,1709750400,00:23:11
790,23509,1709750460,00:24:47
790,5050,1709750580,00:19:14
790,5042,1709750640,00:19:22
790,5043,1709750760,00:18:51
790,6248,1709750880,00:17:48
790,5044,1709751000,00:16:25
790,5049,1709751000,00:19:33
790,23509,1709751060,00:16:59
790,5050,1709751180,00:11:32
790,5042,1709751240,00:13:55
790,5043,1709751300,00:14:22
790,6248,1709751360,00:14:12
790,5044,1709751600,00:10:47
2235,58343,1709751900,00:16:20
2235,63189,1709751960,00:14:07
2235,5039,1709752020,00:14:15
2235,5040,1709752080,00:14:49
2235,5041,1709752090,00:13:20
2235,5042,1709752140,00:14:33
2235,5049,1709752800,00:04:45
778,58343,1709751600,00:12:46
778,63189,1709751660,00:01:02
778,5039,1709751720,00:00:48
778,5040,1709751960,00:02:33
778,5041,1709752140,00:03:37
778,5042,1709752380,00:04:58
778,5043,1709752560,00:06:03
778,6248,1709752680,00:06:58
778,5044,1709752800,00:06:50
778,5045,1709753100,00:07:28
778,6854,1709753400,00:10:46
778,5036,1709753520,00:10:12
790,5049,1709751600,00:20:47
790,23509,1709751660,00:22:25
790,5050,1709751780,00:21:05
790,5042,1709751840,00:15:32
790,5043,1709751960,00:16:36
790,6248,1709752080,00:15:32
790,5044,1709752200,00:14:12
2235,23509,1709752860,00:00:13
2235,5050,1709752920,00:00:11
2235,58344,1709753160,00:03:24
2235,5054,1709753220,00:02:15
2235,23930,1709753230,00:01:29
2235,63190,1709753280,00:01:32
2235,58343,1709752800,00:20:05
2235,63189,1709752860,00:21:00
2235,5039,1709752920,00:20:55
2235,5040,1709752980,00:23:39
2235,5041,1709753160,00:18:22
2235,5042,1709753340,00:17:04
2235,5049,1709754000,00:06:44
2235,23509,1709754060,00:08:01
2235,5050,1709754120,00:07:41
2235,58344,1709754360,00:04:16
2235,5054,1709754420,00:01:34
2235,23930,1709754480,00:01:58
2235,63190,1709754540,00:01:46
790,5049,1709752200,00:20:24
790,23509,1709752260,00:21:49
790,5050,1709752380,00:20:27
790,5042,1709752440,00:14:51
790,5043,1709752500,00:15:18
790,6248,1709752620,00:15:48
790,5044,1709752800,00:13:24
790,5049,1709752800,00:32:36
790,23509,1709752860,00:34:14
790,5050,1709752980,00:26:14
790,5042,1709753040,00:26:13
790,5043,1709753160,00:25:38
790,6248,1709753280,00:24:35
790,5044,1709753400,00:15:20
790,5049,1709753400,00:20:23
790,23509,1709753460,00:21:49
790,5050,1709753580,00:20:27
790,5042,1709753700,00:19:32
790,5043,1709753760,00:14:19
790,6248,1709753820,00:15:51
790,5044,1709754000,00:13:26
2235,58343,1709754000,00:16:10
2235,63189,1709754060,00:16:45
2235,5039,1709754120,00:16:50
2235,5040,1709754180,00:18:07
2235,5041,1709754360,00:00:39
2235,5042,1709754540,00:01:52
2235,5049,1709755200,00:03:26
2235,23509,1709755260,00:00:48
2235,5050,1709755320,00:00:48
2235,58344,1709755560,00:03:48
790,5049,1709754000,00:31:28
790,23509,1709754060,00:32:58
790,5050,1709754180,00:23:26
790,5042,1709754240,00:23:27
790,5043,1709754360,00:22:56
790,6248,1709754480,00:21:52
790,5044,1709754600,00:20:27
2235,5054,1709755620,00:00:46
2235,23930,1709755630,00:00:34
2235,63190,1709755680,00:00:33
2235,63189,1709755260,00:18:29
2235,5039,1709755320,00:18:24
2235,5040,1709755380,00:18:54
2235,5041,1709755560,00:10:53
2235,5042,1709755740,00:09:59
2235,5049,1709756400,00:02:10
2235,23509,1709756460,00:03:19
2235,5050,1709756520,00:03:09
2235,58344,1709756760,00:00:04
2235,5054,1709756820,00:00:40
2235,23930,1709756880,00:01:36
2235,63190,1709756940,00:01:23
2235,58343,1709755200,00:13:40
790,5049,1709754600,00:23:06
790,23509,1709754660,00:25:38
790,5050,1709754780,00:24:16
790,5042,1709754840,00:24:23
790,5043,1709754900,00:24:50
790,6248,1709754960,00:24:42
790,5044,1709755200,00:21:18
778,58343,1709757000,00:13:42
778,5044,1709755800,00:12:28
778,5045,1709756100,00:11:20
778,6854,1709756220,00:10:40
778,5036,1709756760,00:04:29
2235,58343,1709757600,00:09:09
2235,63189,1709757660,00:24:41
2235,5039,1709757720,00:25:01
2235,5040,1709757840,00:00:32
2235,5041,1709757960,00:00:26
2235,5042,1709758080,00:00:17
790,23509,1709755860,00:24:34
790,5050,1709755980,00:23:12
790,5042,1709756040,00:23:20
790,5043,1709756100,00:23:46
790,5049,1709757000,00:21:35
790,23509,1709757060,00:22:55
790,5050,1709757180,00:21:33
790,5042,1709757240,00:21:41
790,5043,1709757300,00:22:06
790,6248,1709757360,00:22:00
790,5044,1709757600,00:18:36
778,58343,1709757300,00:25:02
778,63189,1709757360,00:24:55
778,5039,1709757420,00:25:01
778,5040,1709757480,00:05:32
778,5041,1709757540,00:05:02
778,5042,1709757780,00:03:12
778,5043,1709757960,00:01:58
778,6248,1709758080,00:01:02
778,5044,1709758800,00:10:18
778,5045,1709759100,00:11:18
778,6854,1709759220,00:11:58
778,5036,1709759520,00:14:08
2235,58343,1709845200,00:23:18
2235,63189,1709845260,00:20:44
2235,5039,1709845320,00:20:43
2235,5040,1709845380,00:20:13
2235,5041,1709845560,00:17:51
2235,63189,1709844060,00:26:40
2235,5039,1709844120,00:26:54
2235,5040,1709844240,00:26:21
2235,5041,1709844360,00:25:02
2235,5042,1709844480,00:01:33
2235,58343,1709844000,00:22:26
2235,5040,1709841780,00:36:30
2235,5041,1709841960,00:34:39
2235,5042,1709842140,00:33:34
2235,5049,1709842800,00:25:47
2235,23509,1709842860,00:27:10
2235,5050,1709842920,00:27:05
2235,58344,1709843160,00:23:42
2235,5054,1709843220,00:24:11
2235,23930,1709843280,00:25:54
2235,63190,1709843340,00:25:37
790,5049,1709843400,00:16:11
790,23509,1709843460,00:17:37
790,5050,1709843580,00:16:14
790,5042,1709843640,00:16:18
790,5043,1709843700,00:16:42
790,6248,1709843760,00:16:31
790,5044,1709844000,00:13:03
790,5049,1709844600,00:18:28
790,23509,1709844660,00:18:09
790,5050,1709844780,00:16:51
790,5042,1709844840,00:16:09
790,5043,1709844900,00:15:27
790,6248,1709845020,00:14:02
790,5044,1709845200,00:11:18
778,5044,1709842200,00:30:41
778,5045,1709842500,00:29:25
778,6854,1709842620,00:28:57
778,5036,1709843160,00:22:39
778,58343,1709843700,00:34:46
778,63189,1709843760,00:34:49
778,5039,1709843820,00:35:08
778,5040,1709843880,00:36:08
778,5041,1709843940,00:36:04
778,5042,1709844180,00:33:49
778,5043,1709844360,00:31:17
778,6248,1709844480,00:30:00
778,5044,1709845200,00:15:44
778,5045,1709845500,00:13:44
778,6854,1709845620,00:12:12
778,5036,1709845920,00:08:47
2235,5042,1709845740,00:17:34
2235,5049,1709846400,00:09:17
2235,23509,1709846460,00:10:09
2235,5050,1709846520,00:09:36
2235,58344,1709846760,00:06:35
2235,5054,1709846820,00:06:39
2235,23930,1709846830,00:07:35
2235,63190,1709846880,00:07:36
790,5049,1709845800,00:17:41
790,23509,1709845860,00:17:49
790,5050,1709845980,00:15:21
790,5042,1709846040,00:14:57
790,5043,1709846100,00:14:15
790,6248,1709846220,00:12:36
790,5044,1709846400,00:09:41
778,58343,1709846100,00:25:13
778,63189,1709846160,00:25:30
778,5039,1709846220,00:25:20
778,5040,1709846460,00:21:48
778,5041,1709846640,00:19:15
778,5042,1709846760,00:18:42
778,5043,1709846880,00:18:05
778,6248,1709846940,00:17:49
778,5044,1709847000,00:16:57
778,5045,1709847300,00:14:16
778,6854,1709847420,00:12:17
778,5036,1709847540,00:10:18
778,58343,1709846400,00:22:54
778,63189,1709846460,00:25:55
778,5039,1709846520,00:25:58
778,5040,1709846760,00:22:40
778,5041,1709846940,00:19:58
778,5042,1709847180,00:17:20
778,5043,1709847360,00:15:10
778,6248,1709847480,00:13:25
778,5044,1709847600,00:10:16
778,5045,1709847900,00:07:23
778,6854,1709848020,00:06:01
778,5036,1709848320,00:01:18
790,23509,1709847060,00:04:41
790,5050,1709847180,00:03:07
790,5049,1709847000,00:05:40
2235,58343,1709847600,00:18:06
2235,63189,1709847660,00:13:43
2235,5039,1709847720,00:13:15
2235,5040,1709847780,00:13:05
2235,5041,1709847960,00:11:08
2235,5042,1709848140,00:10:38
2235,5049,1709848500,00:06:36
2235,23509,1709848560,00:05:50
2235,5050,1709848620,00:05:03
2235,58344,1709849160,00:03:50
2235,5054,1709849220,00:06:14
2235,23930,1709849230,00:06:10
2235,63190,1709849280,00:06:21
2235,5049,1709847600,00:20:53
2235,23509,1709847660,00:20:06
2235,5050,1709847780,00:18:02
2235,58344,1709847960,00:14:47
2235,5054,1709848020,00:13:18
2235,23930,1709848080,00:07:40
2235,63190,1709848140,00:06:45
2235,58343,1709848200,00:01:44
778,63189,1709847660,00:32:40
778,5039,1709847720,00:31:41
778,5040,1709847960,00:26:30
778,5041,1709848140,00:22:31
778,5042,1709848380,00:15:14
778,5043,1709848560,00:11:43
778,6248,1709848680,00:09:32
778,5044,1709848800,00:06:02
778,5045,1709849100,00:03:55
778,6854,1709849220,00:03:22
778,5036,1709849520,00:00:55
778,58343,1709847600,00:35:44
778,58343,1709848800,00:07:34
778,63189,1709848860,00:13:01
778,5039,1709848920,00:11:32
778,5040,1709849160,00:00:55
778,5041,1709849340,00:02:17
778,5042,1709849580,00:03:51
778,5043,1709849760,00:05:05
778,6248,1709849880,00:05:58
778,5044,1709850000,00:07:12
778,5045,1709850300,00:08:00
778,6854,1709850420,00:07:47
778,5036,1709850720,00:09:38
2235,58343,1709849100,00:11:06
2235,63189,1709849160,00:17:09
2235,5039,1709849220,00:06:20
2235,5040,1709849280,00:03:25
2235,5041,1709849290,00:04:12
2235,5042,1709849340,00:05:32
2235,5049,1709850000,00:01:50
2235,23509,1709850060,00:00:25
2235,5050,1709850120,00:00:28
2235,58344,1709850360,00:03:47
2235,5054,1709850420,00:03:21
2235,23930,1709850480,00:02:41
2235,63190,1709850540,00:02:47
